
MOMY_max=5.20906665469147, MOMY_min=0.2327677891457049
RHOT_max=347.81669715140475, RHOT_min=45.234711081112444
QV_max=0.019881951871657755, QV_min=1e-06

MOMY_initial_matrix=array([[0.23276779, 0.23276779, 0.23276779, ..., 0.23276779, 0.23276779,
        0.23276779],
       [0.70592064, 0.70592064, 0.70592064, ..., 0.70592064, 0.70592064,
        0.70592064],
       [1.22238083, 1.22238083, 1.22238083, ..., 1.22238083, 1.22238083,
        1.22238083],
       ...,
       [0.78508935, 0.78508935, 0.78508935, ..., 0.78508935, 0.78508935,
        0.78508935],
       [0.66192444, 0.66192444, 0.66192444, ..., 0.66192444, 0.66192444,
        0.66192444],
       [0.54029825, 0.54029825, 0.54029825, ..., 0.54029825, 0.54029825,
        0.54029825]])
RHOT_initial_matrix=array([[344.59252447, 344.59252447, 344.59252447, ..., 344.59252447,
        344.59252447, 344.59252447],
       [342.33222738, 342.33222738, 342.33222738, ..., 342.33222738,
        342.33222738, 342.33222738],
       [339.84998097, 339.84998097, 339.84998097, ..., 339.84998097,
        339.84998097, 339.84998097],
       ...,
       [ 59.84652723,  59.84652723,  59.84652723, ...,  59.84652723,
         59.84652723,  59.84652723],
       [ 52.57781151,  52.57781151,  52.57781151, ...,  52.57781151,
         52.57781151,  52.57781151],
       [ 45.23471108,  45.23471108,  45.23471108, ...,  45.23471108,
         45.23471108,  45.23471108]])
QV_initial_matrix=array([[1.98819519e-02, 1.98819519e-02, 1.98819519e-02, ...,
        1.98819519e-02, 1.98819519e-02, 1.98819519e-02],
       [1.95502421e-02, 1.95502421e-02, 1.95502421e-02, ...,
        1.95502421e-02, 1.95502421e-02, 1.95502421e-02],
       [1.92240302e-02, 1.92240302e-02, 1.92240302e-02, ...,
        1.92240302e-02, 1.92240302e-02, 1.92240302e-02],
       ...,
       [1.00000000e-06, 1.00000000e-06, 1.00000000e-06, ...,
        1.00000000e-06, 1.00000000e-06, 1.00000000e-06],
       [1.00000000e-06, 1.00000000e-06, 1.00000000e-06, ...,
        1.00000000e-06, 1.00000000e-06, 1.00000000e-06],
       [1.00000000e-06, 1.00000000e-06, 1.00000000e-06, ...,
        1.00000000e-06, 1.00000000e-06, 1.00000000e-06]])